%YAML:1.0

Camera:{289901382063:0, 289901382062:1}
Resolution:0
ResX:1280
ResY:1024
