%YAML:1.0

Camera:{289901382075:0, 289901382074:1}
Resolution:0
ResX:1280
ResY:1024
Mirror:1
Gain:32
Expo:800