%YAML:1.0

Camera:{289901382063:0, 289901382062:1}
Resolution:2
ResX:800
ResY:600
